2

SubBoss1Attack 6 -1
314 1725 153 338
6 1821 308 255
2895 20 215 326
3900 21 198 323
2684 667 222 314
1476 1704 205 336

SubBoss1End 6 -1
1476 1704 205 336
2684 667 222 314
3900 21 198 323
2895 20 215 326
6 1821 308 255
314 1725 153 338